76 22 131
53 24 129
68 43 114
35 33 130
37 46 79
32 82 63
79 24 129
99 19 179
89 25 129
50 36 128
96 22 131
75 56 78
66 76 78
75 94 78
56 43 114
7 55 128
17 48 84
51 98 78
54 55 78
39 21 132
26 54 47
38 0 180
25 26 13
83 74 78
74 15 180
3 48 129
11 16 180
85 60 78
53 32 127
89 63 78
56 48 79
22 18 79
95 84 78
40 54 79
69 34 127
73 52 79
58 40 130
14 66 130
20 38 13
55 27 127
19 2 79
36 34 129
14 16 180
13 5 180
41 89 79
93 87 78
82 10 180
9 79 128
21 45 47
64 25 129
52 71 78
94 22 131
51 93 78
31 7 80
85 78 78
9 100 128
46 84 78
76 3 180
20 12 79
57 42 122
37 74 79
13 89 130
100 0 180
85 35 128
60 15 180
33 70 72
5 1 180
81 22 131
83 86 78
31 0 80
37 99 79
11 19 179
67 23 130
70 61 78
92 92 78
25 47 47
17 62 84
33 67 72
99 38 129
6 21 132
93 20 179
47 79 78
48 25 129
12 39 130
1 94 127
40 16 180
64 12 180
38 1 180
55 69 78
21 73 47
73 44 101
70 19 179
57 37 128
58 48 79
0 13 180
78 62 78
27 18 79
33 1 84
1 13 180
2 99 127
61 72 78
10 17 180
87 8 180
41 99 79
8 27 128
34 7 180
41 53 79
98 77 78
1 33 127
35 70 79
75 95 78
43 48 79
74 100 78
38 28 128
38 91 79
97 49 79
51 2 180
76 68 78
12 25 130
29 1 79
18 90 66
99 62 78
45 46 79
33 95 72
88 37 128
13 87 130
98 5 180
52 83 78
84 79 78
38 21 132
46 39 129
49 55 78
57 42 122
10 8 180
65 67 78
85 4 180
29 62 47
18 56 66
5 24 129
78 31 127
96 62 78
2 86 127
24 41 21
28 52 47
38 27 128
76 23 130
67 14 180
70 29 127
2 18 180
57 46 79
66 84 78
74 64 78
89 56 78
93 7 180
2 28 127
96 62 78
0 97 127
30 83 47
45 34 127
15 43 131
70 33 127
64 55 78
57 99 78
36 30 129
12 13 180
6 44 131
89 10 180
72 36 128
18 18 80
56 5 180
98 100 78
47 27 127
57 46 79
89 86 78
78 98 78
0 9 180
87 38 129
39 56 79
77 2 180
52 18 180
5 62 127
4 45 130
73 39 129
85 8 180
6 21 132
25 20 80
46 51 79
5 62 127
7 45 130
81 94 78
28 14 79
25 96 47
41 5 180
98 64 78
12 26 130
84 25 129
67 3 180
67 10 180
77 84 78
90 8 180
86 52 79
7 84 128
90 51 79
66 28 127
82 24 129
0 6 180
56 49 79
10 38 129
98 93 78
26 51 47
27 0 79
81 78 78
98 38 129
8 79 128
15 51 131
37 87 79
38 75 79
70 77 78
10 45 130
80 35 128
93 42 122
78 44 101
5 93 127
20 39 14
67 42 122
31 86 55
77 74 78
64 56 78
100 6 180
64 25 129
43 4 180
79 54 79
56 26 128
69 51 79
24 4 78
21 6 79
41 58 79
80 73 78
70 77 78
79 81 78
5 2 180
0 33 127
95 62 78
7 66 128
50 35 128
66 35 128
78 99 78
99 53 79
14 12 180
84 46 79
34 40 130
47 89 78
48 33 127
49 9 180
48 73 78
18 43 67
52 10 180
42 60 78
57 70 78
61 43 114
19 32 13
14 94 130
28 75 47
76 98 78
70 24 129
54 10 180
100 15 180
99 82 78
12 82 130
90 18 180
21 38 13
80 93 78
95 89 78
62 22 131
47 77 78
94 81 78
88 65 78
97 85 78
24 55 47
50 17 180
73 32 127
45 81 78
20 47 47
50 89 78
57 51 79
56 26 128
95 60 78
70 86 78
12 59 130
28 15 79
85 97 78
99 93 78
8 56 128
22 18 79
81 68 78
20 39 14
97 66 78
62 10 180
8 38 129
73 61 78
4 11 180
9 8 180
78 73 78
24 82 47
0 47 130
50 91 78
43 9 180
100 0 180
80 81 78
100 75 78
47 19 179
83 64 78
40 19 179
79 35 128
26 98 47
91 79 78
78 22 131
55 50 79
14 92 130
33 27 117
34 26 130
63 38 129
40 86 79
41 76 79
72 96 78
55 83 78
91 23 130
25 45 47
46 66 78
42 30 127
2 100 127
14 43 131
28 47 47
0 3 180
65 96 78
5 63 127
85 42 122
100 76 78
93 23 130
6 99 128
92 51 79
75 59 78
86 99 78
93 71 78
80 23 130
87 29 127
17 93 84
68 60 78
5 52 128
6 65 128
32 61 63
25 74 47
96 75 78
50 7 180
69 50 79
97 11 180
75 69 78
5 99 127
41 34 127
49 10 180
94 69 78
49 18 180
56 65 78
99 35 128
10 81 129
34 43 114
17 10 80
33 40 117
72 8 180
15 87 131
7 39 129
68 32 127
39 31 128
40 3 180
54 66 78
81 32 127
26 23 14
14 70 130
46 23 130
42 52 79
99 33 127
34 12 180
0 77 127
89 51 79
19 86 47
27 33 13
33 96 72
72 51 79
37 4 180
30 77 47
30 69 47
14 44 131
67 32 127
86 7 180
61 73 78
52 38 129
50 72 78
51 18 180
97 23 130
47 52 79
11 74 129
94 41 126
80 66 78
93 30 127
28 62 47
45 96 78
51 3 180
87 0 180
8 81 128
60 10 180
89 60 78
42 90 78
97 25 129
80 72 78
83 35 128
100 96 78
1 36 128
29 70 47
76 47 79
49 53 79
28 67 47
81 96 78
66 81 78
51 100 78
93 26 128
39 56 79
68 2 180
35 66 79
88 11 180
56 65 78
94 69 78
9 36 128
44 50 79
26 54 47
30 76 47
12 72 130
31 81 55
84 99 78
52 80 78
0 98 127
47 24 129
0 93 127
35 60 79
97 77 78
14 83 130
91 62 78
98 54 79
72 90 78
84 87 78
36 49 79
98 19 179
47 62 78
89 52 79
77 70 78
53 59 78
64 59 78
87 39 129
4 55 127
60 59 78
21 48 47
8 31 128
85 6 180
52 99 78
58 24 129
39 93 79
62 69 78
24 73 47
93 44 101
65 79 78
7 33 128
28 60 47
83 6 180
95 9 180
42 76 78
74 86 78
12 37 130
73 94 78
63 73 78
12 43 131
78 59 78
60 17 180
97 85 78
80 46 79
90 49 79
9 92 128
16 55 103
99 18 180
50 23 130
99 22 131
40 29 128
19 97 47
24 7 79
32 78 63
71 41 126
94 68 78
90 45 79
97 88 78
26 11 79
37 90 79
81 17 180
91 79 78
86 24 129
62 38 129
19 16 79
64 86 78
73 27 127
54 9 180
48 27 127
79 18 180
57 41 126
51 85 78
84 64 78
61 16 180
14 92 130
60 92 78
36 69 79
28 73 47
35 61 79
65 24 129
18 16 80
3 81 127
19 54 47
14 3 180
84 56 78
5 81 127
80 83 78
82 69 78
89 64 78
86 73 78
20 23 14
39 15 180
56 94 78
9 98 128
17 81 84
95 41 126
88 85 78
89 74 78
46 2 180
0 28 127
54 24 129
44 63 78
85 86 78
41 10 180
3 45 130
23 68 47
57 96 78
97 22 131
32 50 63
46 84 78
50 67 78
63 37 128
9 35 128
44 38 129
56 73 78
23 79 47
43 69 78
79 71 78
71 5 180
47 99 78
13 36 130
10 86 129
7 68 128
19 29 13
25 44 41
30 87 47
5 92 127
86 27 127
64 35 128
63 44 101
16 49 103
57 71 78
17 62 84
52 53 79
65 51 79
2 31 127
19 2 79
70 87 78
3 49 129
17 77 84
62 76 78
7 92 128
15 52 131
62 86 78
90 47 79
38 7 180
17 71 84
48 32 127
79 10 180
52 71 78
96 9 180
66 90 78
68 51 79
69 74 78
1 26 128
24 10 79
10 1 180
42 7 180
52 81 78
10 63 129
61 82 78
44 35 128
97 100 78
8 13 180
95 32 127
95 46 79
67 82 78
74 99 78
67 50 79
48 36 128
15 55 131
7 50 129
35 62 79
60 10 180
71 77 78
15 0 180
73 21 132
51 71 78
31 34 71
91 73 78
33 59 72
48 32 127
80 49 79
71 59 78
55 58 78
20 5 78
23 50 47
27 81 47
29 80 47
11 87 129
76 28 127
5 60 127
83 35 128
1 61 127
92 34 127
53 93 78
71 40 130
59 91 78
98 21 132
78 70 78
23 32 12
14 36 130
20 32 12
26 60 47
49 3 180
90 66 78
32 44 80
85 32 127
52 27 127
90 99 78
18 82 66
57 56 78
40 67 79
11 74 129
93 6 180
44 62 78
50 34 127
38 12 180
100 0 180
75 1 180
30 82 47
62 67 78
53 42 122
23 30 12
6 69 128
22 29 12
46 48 79
96 0 180
6 68 128
9 77 128
46 8 180
50 33 127
44 35 128
44 38 129
21 58 47
99 12 180
15 43 131
23 70 47
93 50 79
76 38 129
92 61 78
78 12 180
100 80 78
3 21 132
50 64 78
91 28 127
27 61 47
76 94 78
29 90 47
77 86 78
0 31 127
49 68 78
24 95 47
96 33 127
3 99 127
96 25 129
9 5 180
89 67 78
93 50 79
21 1 78
67 57 78
22 58 47
21 45 47
48 49 79
68 90 78
88 51 79
25 94 47
90 82 78
62 15 180
38 50 79
22 38 13
26 29 13
30 25 14
46 55 78
57 25 129
34 26 130
34 34 130
22 80 47
90 4 180
77 12 180
95 43 114
35 63 79
57 50 79
75 4 180
8 94 128
3 88 127
63 62 78
93 81 78
80 17 180
24 33 12
10 72 129
69 34 127
71 23 130
45 28 127
92 15 180
51 68 78
14 81 130
18 46 72
72 92 78
42 49 79
97 83 78
25 2 79
96 9 180
37 38 129
68 56 78
74 5 180
93 16 180
90 85 78
65 49 79
46 23 130
27 34 13
49 65 78
23 77 47
7 55 128
79 41 126
24 52 47
8 38 129
14 68 130
69 79 78
7 8 180
69 89 78
73 27 127
10 64 129
20 16 79
89 45 79
31 37 71
81 75 78
12 68 130
30 45 47
23 79 47
39 21 132
3 84 127
67 74 78
62 19 179
59 31 127
21 76 47
35 60 79
43 55 78
26 26 13
55 48 79
79 68 78
80 76 78
45 80 78
96 0 180
89 73 78
25 76 47
21 71 47
25 35 13
16 41 96
52 2 180
90 71 78
98 23 130
96 67 78
14 33 130
25 100 47
42 17 180
49 78 78
23 68 47
23 22 32
11 97 129
54 43 114
41 32 127
13 44 131
24 44 41
44 39 129
0 29 127
73 25 129
53 95 78
14 28 130
25 37 13
87 88 78
32 93 63
75 21 132
11 20 179
60 15 180
76 0 180
66 44 101
46 14 180
7 18 180
75 22 131
49 55 78
70 71 78
10 62 129
93 41 126
56 5 180
50 3 180
20 35 13
49 78 78
67 70 78
70 44 101
74 49 79
83 95 78
45 100 78
30 91 47
47 43 114
0 36 128
31 29 71
47 0 180
10 92 129
39 56 79
23 35 13
45 91 78
94 36 128
32 25 99
76 94 78
90 46 79
0 57 127
50 56 78
79 95 78
8 54 128
8 39 129
88 58 78
12 34 130
14 0 180
18 36 45
43 40 130
45 81 78
43 71 78
46 49 79
30 57 47
89 96 78
67 64 78
87 19 179
11 53 129
52 49 79
88 40 130
30 49 47
34 14 180
17 30 74
43 24 129
11 12 180
99 25 129
80 36 128
46 25 129
19 89 47
4 96 127
34 91 79
5 78 127
95 78 78
87 81 78
70 76 78
59 97 78
86 24 129
38 90 79
5 10 180
99 64 78
46 81 78
59 69 78
79 12 180
68 69 78
20 89 47
15 48 131
37 30 129
52 4 180
3 97 127
4 9 180
29 73 47
13 5 180
91 63 78
30 50 47
46 45 79
62 20 179
81 49 79
32 1 81
63 54 79
86 23 130
57 19 179
84 55 78
38 37 128
67 65 78
73 8 180
76 92 78
61 28 127
56 13 180
27 38 13
95 57 78
8 52 128
70 36 128
42 90 78
97 64 78
83 53 79
27 91 47
0 31 127
58 31 127
50 42 122
14 83 130
4 58 127
97 26 128
47 58 78
98 64 78
31 67 55
1 47 130
30 85 47
7 29 128
32 24 99
7 68 128
63 62 78
26 37 13
62 88 78
23 86 47
80 0 180
57 42 122
91 89 78
15 32 131
10 34 129
69 53 79
66 43 114
97 34 127
51 6 180
95 11 180
87 39 129
34 75 79
30 99 47
7 100 128
9 87 128
49 87 78
88 51 79
44 34 127
21 71 47
26 2 79
71 71 78
41 25 129
79 6 180
2 78 127
0 53 128
73 60 78
96 95 78
34 47 79
15 48 131
30 69 47
60 13 180
73 16 180
83 4 180
89 74 78
42 71 78
28 66 47
12 91 130
4 88 127
67 100 78
37 58 79
58 37 128
44 80 78
2 43 131
90 37 128
58 0 180
71 36 128
92 78 78
89 11 180
12 15 180
65 58 78
75 36 128
32 28 99
71 44 101
74 39 129
5 99 127
2 4 180
97 41 126
52 47 79
17 9 80
67 88 78
2 68 127
79 15 180
61 70 78
21 27 13
96 87 78
44 7 180
89 18 180
24 8 79
85 21 132
28 94 47
4 43 131
78 74 78
84 46 79
10 67 129
98 11 180
77 6 180
29 34 14
2 15 180
84 33 127
70 50 79
17 82 84
94 70 78
55 33 127
72 26 128
25 76 47
94 55 78
53 78 78
51 52 79
46 25 129
22 61 47
96 7 180
39 76 79
8 0 180
9 2 180
50 38 129
25 92 47
18 53 66
64 17 180
40 31 128
37 61 79
77 32 127
37 31 129
0 76 127
62 93 78
24 41 21
37 16 180
20 4 78
16 28 101
80 43 114
64 34 127
30 62 47
11 36 129
15 59 131
64 6 180
75 43 114
21 67 47
81 5 180
89 2 180
53 4 180
13 0 180
12 24 130
68 81 78
27 93 47
81 22 131
90 5 180
59 10 180
62 16 180
63 99 78
100 50 79
61 69 78
95 41 126
38 92 79
4 8 180
66 81 78
69 34 127
94 95 78
80 14 180
5 57 127
25 55 47
33 86 72
98 77 78
21 18 79
36 43 114
51 14 180
14 70 130
11 86 129
86 25 129
47 7 180
96 15 180
91 5 180
74 1 180
50 18 180
18 14 79
23 77 47
21 70 47
48 64 78
94 42 122
27 28 13
84 69 78
47 22 131
77 1 180
40 50 79
19 72 47
86 40 130
4 57 127
67 8 180
88 89 78
48 98 78
59 55 78
97 17 180
11 60 129
42 34 127
86 57 78
14 90 130
27 32 13
36 65 79
19 41 21
17 61 84
71 79 78
74 42 122
72 91 78
79 0 180
80 76 78
62 96 78
8 40 130
61 14 180
17 95 84
38 0 180
66 16 180
13 45 130
85 74 78
18 48 69
2 53 128
71 71 78
13 39 130
93 71 78
74 47 79
46 31 127
85 3 180
43 40 130
41 25 129
16 27 101
83 18 180
19 39 14
15 51 131
24 43 35
100 69 78
27 50 47
33 91 72
2 56 127
3 22 131
52 24 129
96 59 78
57 30 127
86 31 127
96 28 127
89 72 78
85 70 78
22 1 78
59 8 180
74 52 79
83 76 78
44 100 78
47 17 180
69 44 101
18 62 66
82 81 78
75 91 78
8 51 128
49 25 129
15 34 131
91 62 78
39 60 79
97 22 131
18 29 45
31 36 71
14 33 130
20 87 47
61 60 78
56 86 78
7 58 128
8 65 128
66 2 180
75 77 78
25 83 47
83 11 180
33 29 117
61 11 180
18 45 75
90 67 78
66 49 79
96 74 78
42 27 127
61 62 78
4 58 127
40 55 79
65 52 79
89 25 129
23 18 79
55 28 127
9 34 128
12 94 130
30 50 47
29 5 79
8 49 129
41 55 79
88 19 179
64 81 78
87 33 127
79 87 78
30 94 47
91 8 180
34 31 130
95 59 78
55 47 79
82 13 180
61 15 180
55 86 78
95 14 180
7 67 128
56 11 180
10 78 129
21 78 47
28 50 47
46 24 129
84 25 129
55 9 180
32 46 63
57 34 127
46 86 78
30 76 47
41 90 79
64 42 122
89 99 78
33 9 84
93 6 180
0 65 127
71 65 78
40 91 79
59 81 78
84 61 78
57 31 127
94 83 78
78 84 78
21 63 47
81 39 129
13 60 130
84 52 79
88 5 180
68 24 129
18 41 59
58 46 79
45 49 79
59 90 78
13 0 180
15 6 180
52 14 180
83 34 127
87 18 180
76 34 127
3 36 128
53 78 78
92 65 78
41 66 79
76 91 78
45 12 180
24 68 47
77 83 78
99 54 79
33 25 117
63 61 78
86 48 79
17 56 84
2 79 127
10 99 129
2 43 131
37 93 79
62 24 129
88 2 180
98 22 131
5 98 127
17 75 84
66 38 129
96 43 114
86 27 127
78 50 79
86 1 180
56 49 79
28 89 47
98 60 78
68 29 127
71 62 78
55 8 180
81 33 127
78 46 79
67 10 180
93 30 127
3 16 180
69 96 78
34 50 79
80 58 78
98 95 78
37 40 130
21 58 47
17 85 84
54 88 78
29 30 14
78 35 128
36 11 180
31 86 55
13 31 130
89 42 122
100 45 79
16 3 81
71 32 127
19 46 47
74 85 78
65 83 78
64 29 127
92 56 78
40 42 122
22 4 78
0 84 127
97 92 78
96 91 78
61 45 79
36 98 79
61 1 180
79 17 180
9 68 128
7 69 128
42 43 114
20 20 80
59 64 78
4 54 127
23 22 32
24 34 12
13 40 130
78 88 78
77 28 127
12 82 130
61 71 78
0 59 127
93 26 128
76 94 78
20 69 47
99 51 79
17 42 79
88 12 180
73 73 78
43 98 78
52 8 180
78 31 127
82 43 114
95 17 180
46 72 78
5 67 127
84 80 78
73 33 127
21 34 12
54 12 180
77 100 78
21 77 47
72 49 79
16 33 101
62 71 78
45 10 180
69 55 78
79 30 127
56 24 129
10 99 129
2 84 127
31 71 55
79 81 78
38 30 128
50 3 180
69 69 78
95 36 128
27 18 79
46 79 78
75 54 79
3 7 180
71 44 101
34 55 79
27 97 47
3 3 180
27 62 47
89 62 78
93 98 78
61 25 129
95 31 127
24 32 12
47 56 78
98 80 78
75 90 78
68 77 78
74 57 78
1 70 127
26 38 13
61 52 79
58 97 78
3 64 127
94 54 79
39 75 79
30 96 47
42 54 79
49 15 180
61 32 127
7 31 128
36 93 79
75 33 127
14 65 130
99 29 127
9 82 128
10 57 129
86 2 180
89 71 78
91 17 180
44 26 128
62 100 78
96 91 78
70 97 78
3 96 127
92 1 180
21 18 79
78 1 180
14 15 180
88 36 128
73 11 180
83 39 129
19 41 21
84 94 78
97 13 180
22 76 47
8 87 128
93 44 101
4 24 129
82 100 78
98 71 78
42 57 78
59 21 132
57 24 129
90 28 127
29 77 47
5 52 128
37 43 114
2 73 127
94 58 78
50 34 127
70 86 78
5 86 127
25 39 14
99 93 78
13 26 130
28 75 47
72 100 78
30 80 47
13 25 130
14 23 130
67 82 78
98 77 78
31 92 55
44 73 78
10 96 129
64 4 180
92 26 128
83 8 180
69 75 78
20 20 80
93 58 78
45 96 78
54 100 78
72 11 180
11 1 180
7 89 128
64 20 179
9 41 130
76 10 180
8 78 128
11 35 129
82 55 78
8 65 128
85 53 79
100 58 78
74 49 79
75 16 180
29 23 14
62 79 78
54 64 78
69 21 132
91 64 78
36 32 129
10 97 129
50 73 78
72 80 78
73 14 180
31 1 80
0 29 127
35 59 79
51 82 78
54 45 79
76 86 78
62 68 78
96 75 78
22 88 47
29 10 79
49 8 180
24 46 47
88 4 180
98 11 180
56 63 78
15 37 131
97 85 78
42 57 78
11 76 129
68 49 79
39 38 129
12 53 130
90 88 78
31 89 55
27 12 79
9 97 128
90 1 180
32 82 63
4 67 127
14 10 180
19 32 13
0 14 180
87 48 79
33 52 72
44 7 180
1 74 127
75 45 79
69 63 78
95 11 180
15 59 131
12 90 130
74 75 78
40 17 180
99 68 78
17 1 80
93 2 180
4 65 127
34 44 101
100 76 78
5 0 180
17 26 74
26 94 47
35 35 130
87 74 78
67 46 79
43 54 79
82 86 78
4 53 128
80 47 79
66 98 78
50 59 78
61 78 78
40 11 180
7 8 180
77 32 127
57 61 78
63 51 79
71 71 78
83 80 78
55 12 180
60 24 129
28 26 13
68 92 78
52 68 78
65 96 78
32 78 63
80 28 127
28 9 79
30 53 47
23 54 47
35 11 180
89 16 180
7 83 128
35 28 130
100 22 131
94 69 78
13 66 130
42 27 127
5 97 127
73 47 79
99 82 78
97 33 127
94 86 78
58 11 180
22 89 47
57 43 114
88 78 78
43 73 78
77 55 78
88 50 79
24 86 47
7 100 128
42 19 179
16 6 81
0 97 127
81 67 78
49 48 79
66 33 127
44 52 79
70 88 78
59 99 78
44 85 78
90 95 78
42 77 78
3 67 127
47 77 78
12 35 130
31 51 55
86 47 79
12 33 130
34 15 180
42 15 180
99 22 131
62 3 180
85 66 78
54 56 78
81 79 78
87 2 180
21 43 35
17 19 81
23 61 47
56 7 180
9 93 128
5 88 127
86 93 78
31 5 80
88 52 79
97 15 180
83 37 128
44 91 78
90 34 127
48 18 180
65 27 127
90 46 79
84 95 78
47 50 79
63 29 127
30 49 47
27 28 13
34 18 180
71 96 78
4 6 180
80 13 180
29 36 14
50 63 78
25 33 13
80 47 79
38 55 79
38 25 129
4 39 129
17 78 84
85 84 78
87 80 78
3 62 127
27 45 47
19 37 13
16 10 81
11 34 129
98 58 78
100 56 78
45 91 78
66 22 131
51 63 78
25 53 47
76 23 130
12 31 130
0 65 127
67 62 78
39 8 180
77 73 78
33 32 117
41 89 79
16 0 81
92 59 78
2 16 180
86 64 78
36 80 79
25 83 47
96 6 180
89 14 180
12 41 130
15 69 131
66 84 78
49 36 128
76 58 78
6 52 128
5 92 127
44 82 78
7 85 128
48 14 180
61 69 78
6 14 180
52 24 129
14 65 130
100 50 79
12 55 130
37 52 79
71 75 78
65 5 180
17 94 84
45 49 79
18 25 45
6 73 128
25 6 79
38 79 79
89 81 78
58 35 128
36 80 79
69 7 180
90 65 78
27 80 47
8 93 128
40 33 128
43 86 78
0 53 128
26 55 47
82 93 78
25 58 47
90 71 78
59 32 127
12 50 130
59 30 127
55 29 127
16 74 103
92 29 127
66 74 78
47 71 78
35 10 180
52 6 180
40 98 79
2 44 131
66 3 180
7 46 130
28 82 47
70 63 78
38 49 79
9 10 180
7 47 130
19 86 47
26 40 14
35 65 79
2 42 131
52 90 78
43 59 78
91 14 180
83 95 78
30 36 14
82 24 129
25 49 47
42 42 122
67 60 78
81 52 79
40 17 180
8 22 131
15 46 131
100 35 128
35 91 79
86 71 78
31 92 55
30 11 79
3 6 180
75 75 78
49 20 179
75 17 180
98 61 78
34 36 130
45 27 127
62 59 78
32 67 63
98 87 78
65 24 129
15 37 131
69 81 78
35 63 79
8 87 128
89 95 78
68 42 122
47 76 78
15 59 131
47 33 127
43 67 78
47 16 180
62 90 78
42 17 180
47 19 179
56 45 79
42 40 130
61 40 130
44 90 78
83 73 78
82 99 78
95 4 180
34 44 101
17 100 84
0 97 127
97 95 78
79 64 78
21 77 47
87 39 129
84 23 130
0 87 127
80 71 78
89 89 78
9 45 130
92 46 79
34 66 79
96 4 180
16 9 81
68 45 79
74 69 78
11 17 180
25 33 13
85 28 127
56 51 79
5 16 180
53 1 180
48 50 79
19 95 47
52 79 78
44 86 78
21 67 47
65 68 78
74 52 79
49 55 78
42 29 127
20 98 47
0 44 131
5 85 127
20 45 47
78 41 126
29 58 47
58 39 129
75 83 78
62 91 78
61 38 129
75 80 78
54 65 78
42 2 180
49 89 78
68 67 78
1 73 127
90 32 127
29 37 14
42 73 78
69 62 78
33 32 117
69 47 79
45 5 180
10 4 180
74 88 78
72 54 79
65 72 78
30 92 47
71 20 179
44 15 180
96 64 78
74 84 78
79 79 78
79 57 78
72 52 79
67 88 78
10 3 180
73 39 129
97 9 180
14 51 130
26 57 47
38 24 129
6 7 180
58 69 78
47 38 129
85 18 180
70 72 78
70 7 180
53 53 79
18 73 66
86 69 78
88 28 127
68 2 180
58 19 179
19 20 80
53 18 180
33 72 72
49 50 79
41 58 79
28 60 47
24 9 79
19 70 47
6 2 180
33 11 84
67 21 132
43 80 78
62 95 78
2 93 127
91 81 78
23 99 47
21 5 78
14 97 130
85 57 78
51 51 79
52 58 78
54 27 127
3 72 127
76 12 180
96 32 127
43 92 78
49 68 78
93 67 78
89 40 130
52 59 78
11 46 130
87 1 180
70 47 79
53 79 78
20 1 78
82 56 78
65 35 128
30 62 47
0 60 127
70 76 78
83 98 78
61 70 78
72 82 78
3 7 180
16 65 103
26 97 47
13 3 180
17 3 80
15 57 131
90 99 78
58 38 129
58 57 78
64 80 78
79 94 78
22 30 12
96 0 180
60 91 78
95 97 78
8 21 132
16 65 103
95 37 128
94 24 129
53 73 78
4 49 129
75 28 127
40 59 79
55 52 79
18 84 66
61 48 79
33 91 72
82 63 78
42 40 130
16 31 101
0 82 127
85 66 78
62 8 180
42 86 78
15 85 131
100 0 180
94 67 78
39 85 79
81 44 101
30 5 79
20 69 47
26 82 47
73 88 78
51 40 130
10 49 129
96 2 180
14 83 130
87 40 130
2 94 127
27 7 79
97 96 78
1 24 129
94 25 129
82 14 180
3 91 127
39 21 132
9 3 180
47 23 130
10 93 129
16 33 101
57 5 180
6 99 128
42 69 78
81 63 78
57 83 78
17 1 80
18 60 66
49 48 79
44 24 129
87 44 101
26 50 47
25 80 47
27 66 47
3 66 127
54 64 78
100 6 180
99 19 179
86 60 78
82 62 78
7 60 128
41 26 128
39 11 180
23 36 13
92 54 79
31 73 55
83 88 78
35 86 79
83 65 78
40 24 129
41 66 79
59 62 78
86 84 78
62 93 78
26 97 47
23 38 13
67 26 128
67 100 78
76 40 130
81 54 79
71 25 129
23 29 12
18 83 66
34 66 79
82 82 78
4 96 127
9 35 128
28 90 47
33 99 72
43 80 78
92 65 78
82 81 78
29 59 47
30 4 79
18 98 66
43 58 78
97 5 180
30 84 47
35 52 79
66 89 78
90 4 180
51 78 78
58 21 132
47 36 128
47 86 78
60 12 180
82 37 128
1 63 127
50 100 78
3 25 129
26 94 47
98 73 78
9 88 128
46 28 127
33 3 84
89 60 78
90 16 180
20 93 47
86 63 78
49 69 78
34 35 130
86 24 129
88 8 180
65 70 78
36 79 79
22 24 14
44 6 180
27 76 47
60 79 78
34 9 180
82 12 180
77 94 78
92 98 78
62 40 130
97 25 129
16 62 103
82 5 180
69 69 78
72 65 78
73 29 127
100 94 78
97 53 79
72 55 78
2 55 127
57 29 127
48 0 180
28 92 47
5 14 180
26 40 14
67 3 180
67 12 180
96 32 127
39 80 79
78 5 180
78 28 127
2 34 127
79 76 78
17 28 74
75 33 127
19 9 79
30 21 53
8 79 128
60 15 180
43 2 180
94 25 129
72 60 78
24 92 47
58 80 78
36 84 79
4 39 129
10 63 129
68 96 78
99 34 127
85 59 78
50 27 127
53 8 180
41 21 132
27 70 47
56 14 180
21 49 47
56 85 78
67 95 78
100 29 127
89 6 180
100 13 180
59 84 78
20 80 47
11 87 129
94 43 114
92 10 180
76 27 127
5 89 127
17 79 84
64 3 180
90 43 114
48 42 122
73 7 180
67 14 180
75 21 132
70 54 79
38 77 79
81 86 78
22 69 47
21 26 13
98 43 114
37 63 79
32 50 63
3 67 127
9 59 128
67 38 129
44 52 79
71 0 180
88 83 78
26 50 47
57 60 78
90 55 78
90 64 78
48 74 78
88 3 180
55 62 78
45 34 127
84 43 114
21 61 47
58 8 180
79 93 78
2 16 180
99 66 78
64 62 78
79 14 180
8 95 128
99 54 79
48 10 180
94 69 78
73 19 179
63 3 180
62 65 78
100 15 180
63 57 78
93 21 132
99 41 126
94 82 78
27 31 13
57 56 78
52 49 79
37 29 129
10 48 129
94 94 78
69 83 78
58 22 131
4 62 127
76 50 79
75 84 78
3 58 127
32 21 98
59 5 180
52 19 179
80 18 180
58 61 78
66 38 129
91 71 78
16 81 103
23 72 47
91 30 127
11 7 180
58 9 180
76 60 78
69 76 78
11 89 129
49 33 127
14 9 180
58 5 180
23 39 14
22 7 79
64 66 78
1 96 127
74 79 78
95 80 78
13 12 180
67 80 78
76 42 122
93 3 180
81 27 127
14 86 130
59 23 130
94 63 78
78 50 79
82 41 126
93 81 78
14 47 130
9 25 129
49 87 78
56 91 78
36 20 179
91 29 127
15 40 131
89 64 78
14 7 180
21 46 47
9 79 128
94 79 78
67 84 78
24 68 47
38 61 79
10 11 180
52 44 101
5 82 127
62 66 78
99 10 180
48 53 79
63 39 129
69 19 179
79 93 78
28 89 47
75 27 127
96 6 180
89 47 79
16 66 103
40 67 79
17 83 84
21 43 35
77 71 78
29 8 79
81 85 78
94 77 78
38 71 79
21 3 78
19 75 47
54 63 78
41 38 129
79 20 179
48 73 78
50 0 180
39 75 79
41 54 79
90 98 78
38 88 79
70 43 114
73 73 78
76 41 126
46 78 78
13 63 130
69 22 131
43 81 78
53 26 128
26 41 21
93 94 78
91 55 78
42 37 128
29 99 47
77 65 78
2 35 128
29 31 14
99 100 78
33 10 84
72 69 78
14 59 130
91 14 180
16 97 103
45 69 78
12 32 130
54 94 78
17 43 83
49 70 78
43 97 78
76 11 180
51 59 78
85 25 129
64 68 78
8 11 180
31 12 80
79 35 128
63 19 179
3 41 130
21 73 47
31 32 71
42 47 79
41 60 79
2 31 127
32 77 63
46 89 78
37 25 129
87 34 127
42 63 78
50 69 78
41 20 179
24 59 47
25 63 47
52 97 78
48 55 78
9 25 129
20 55 47
9 22 131
25 36 13
6 98 128
90 79 78
98 92 78
75 1 180
36 51 79
65 57 78
27 47 47
3 63 127
11 30 129
26 47 47
30 44 41
6 22 131
98 99 78
14 26 130
100 71 78
52 31 127
48 59 78
80 2 180
85 38 129
77 48 79
43 11 180
39 28 128
23 7 79
35 35 130
31 74 55
31 90 55
7 64 128
39 21 132
24 32 12
62 66 78
46 94 78
70 26 128
42 40 130
8 78 128
0 91 127
37 69 79
77 66 78
23 64 47
72 56 78
99 3 180
1 0 180
25 24 14
73 79 78
89 39 129
56 82 78
32 53 63
72 77 78
38 76 79
44 11 180
31 67 55
91 24 129
39 35 128
93 29 127
62 58 78
79 20 179
45 73 78
96 75 78
96 90 78
41 73 79
23 47 47
71 26 128
10 99 129
96 82 78
48 34 127
0 70 127
74 62 78
97 52 79
30 15 79
32 60 63
78 91 78
90 84 78
42 38 129
18 82 66
2 3 180
88 28 127
85 18 180
2 88 127
2 3 180
23 59 47
62 39 129
65 44 101
24 8 79
19 77 47
22 2 78
10 73 129
50 65 78
29 40 14
74 2 180
29 76 47
48 27 127
53 30 127
76 54 79
29 8 79
92 27 127
78 98 78
78 70 78
69 29 127
93 19 179
87 61 78
61 0 180
1 47 130
95 45 79
52 90 78
16 64 103
3 33 127
29 52 47
5 45 130
21 24 14
7 12 180
52 10 180
95 78 78
65 56 78
30 51 47
82 72 78
81 47 79
80 88 78
39 74 79
8 65 128
28 95 47
30 67 47
20 20 80
51 30 127
36 64 79
80 76 78
15 24 131
1 94 127
25 99 47
18 50 66
30 27 14
6 71 128
24 93 47
12 71 130
36 6 180
51 50 79
72 68 78
57 17 180
58 90 78
69 51 79
40 83 79
55 56 78
40 55 79
72 39 129
84 72 78
90 14 180
40 24 129
77 92 78
91 23 130
59 92 78
86 45 79
90 97 78
7 88 128
99 6 180
74 69 78
70 33 127
83 41 126
47 46 79
1 78 127
95 9 180
19 45 47
83 53 79
0 9 180
83 15 180
84 88 78
83 23 130
40 43 114
32 67 63
34 20 179
82 52 79
42 65 78
47 61 78
62 4 180
6 55 128
44 38 129
89 70 78
18 66 66
15 11 180
92 62 78
32 67 63
2 18 180
66 51 79
43 23 130
100 2 180
18 70 66
37 6 180
30 81 47
65 17 180
86 60 78
12 17 180
10 20 179
19 75 47
9 53 128
75 71 78
12 82 130
38 96 79
62 39 129
24 54 47
55 76 78
76 65 78
96 57 78
8 50 129
40 73 79
30 51 47
14 77 130
52 40 130
38 38 129
92 54 79
66 76 78
15 21 132
64 76 78
37 91 79
96 17 180
14 67 130
53 0 180
71 14 180
4 74 127
72 11 180
48 44 101
79 84 78
21 52 47
77 26 128
41 83 79
23 10 79
87 58 78
13 10 180
18 74 66
5 51 128
98 75 78
80 0 180
13 61 130
73 79 78
1 22 131
66 89 78
86 13 180
55 51 79
69 76 78
57 65 78
54 64 78
74 55 78
50 77 78
63 79 78
90 46 79
0 85 127
81 68 78
67 71 78
92 74 78
21 47 47
52 51 79
7 4 180
51 51 79
18 69 66
81 60 78
74 5 180
5 89 127
43 47 79
100 76 78
94 68 78
37 88 79
32 87 63
48 61 78
17 81 84
60 52 79
48 92 78
5 89 127
74 7 180
53 87 78
56 6 180
80 14 180
81 17 180
97 74 78
76 15 180
38 61 79
44 86 78
7 26 128
64 77 78
13 73 130
85 64 78
83 78 78
39 15 180
23 66 47
81 62 78
16 19 81
17 82 84
69 79 78
93 75 78
12 48 130
82 12 180
68 25 129
61 45 79
50 73 78
10 93 129
30 88 47
36 22 131
23 36 13
29 45 47
72 57 78
17 47 84
100 61 78
6 82 128
75 67 78
100 44 101
37 59 79
14 78 130
16 92 103
92 71 78
26 98 47
66 27 127
41 21 132
58 5 180
15 25 131
53 41 126
15 51 131
50 32 127
90 7 180
85 42 122
55 12 180
8 30 128
14 57 130
37 62 79
41 7 180
4 74 127
62 84 78
7 45 130
29 47 47
89 19 179
9 68 128
7 45 130
10 96 129
7 60 128
27 84 47
24 0 78
77 7 180
1 57 127
98 61 78
61 8 180
71 84 78
24 12 79
67 40 130
7 82 128
78 45 79
76 14 180
63 52 79
19 11 79
52 18 180
16 50 103
98 87 78
15 39 131
30 77 47
72 85 78
38 22 131
58 73 78
31 30 71
22 76 47
68 13 180
29 74 47
57 47 79
32 32 99
10 85 129
40 23 130
6 19 179
56 33 127
71 54 79
89 23 130
27 23 14
92 94 78
40 21 132
83 15 180
44 56 78
69 71 78
26 34 13
62 59 78
85 24 129
51 88 78
37 16 180
20 3 78
62 77 78
85 9 180
67 73 78
14 0 180
82 43 114
50 96 78
60 54 79
57 87 78
11 64 129
89 42 122
11 89 129
71 1 180
39 5 180
12 15 180
8 39 129
50 78 78
63 42 122
24 10 79
70 8 180
38 44 101
29 55 47
94 95 78
0 85 127
49 77 78
92 43 114
23 82 47
39 45 79
19 76 47
79 33 127
92 17 180
86 62 78
35 91 79
63 20 179
14 12 180
19 8 79
91 98 78
13 0 180
87 50 79
24 65 47
33 93 72
25 82 47
26 68 47
5 100 127
20 12 79
31 56 55
45 49 79
7 21 132
37 29 129
65 4 180
86 2 180
89 14 180
51 7 180
70 27 127
91 95 78
71 94 78
40 96 79
28 13 79
62 23 130
4 46 130
97 96 78
12 41 130
10 89 129
16 42 92
15 57 131
59 96 78
84 93 78
84 74 78
38 55 79
4 99 127
74 54 79
29 17 79
95 99 78
51 29 127
90 19 179
21 94 47
48 62 78
70 3 180
4 93 127
38 37 128
62 58 78
23 66 47
59 67 78
8 31 128
22 35 13
60 41 126
65 49 79
52 22 131
66 55 78
6 38 129
91 64 78
20 91 47
32 73 63
79 4 180
48 33 127
91 42 122
82 44 101
41 69 79
13 42 131
61 51 79
81 98 78
13 83 130
86 98 78
37 65 79
12 59 130
81 72 78
4 53 128
21 44 41
34 60 79
20 88 47
38 1 180
71 48 79
84 71 78
45 0 180
43 58 78
31 97 55
13 100 130
39 7 180
87 16 180
7 53 128
89 95 78
67 77 78
81 68 78
86 53 79
9 44 131
11 57 129
26 94 47
33 20 83
79 24 129
96 62 78
55 91 78
5 75 127
56 53 79
89 30 127
89 17 180
63 81 78
81 23 130
50 57 78
73 9 180
13 13 180
89 65 78
84 96 78
55 55 78
90 66 78
79 14 180
39 100 79
30 79 47
45 43 114
100 26 128
17 6 80
77 76 78
23 78 47
36 61 79
40 46 79
20 94 47
9 95 128
61 37 128
87 5 180
0 59 127
91 1 180
15 82 131
54 88 78
86 48 79
26 48 47
66 81 78
50 100 78
13 8 180
16 50 103
52 21 132
54 76 78
44 68 78
45 26 128
97 16 180
88 98 78
6 72 128
50 45 79
61 92 78
44 70 78
4 93 127
25 82 47
58 2 180
2 60 127
27 48 47
80 62 78
25 52 47
31 12 80
38 27 128
41 80 79
100 76 78
14 99 130
80 63 78
70 77 78
93 32 127
74 44 101
40 65 79
88 21 132
99 46 79
12 10 180
66 19 179
40 37 128
67 7 180
51 72 78
77 89 78
65 67 78
29 48 47
4 31 127
89 68 78
38 83 79
2 57 127
60 69 78
75 24 129
36 93 79
69 48 79
74 61 78
90 83 78
88 1 180
86 67 78
74 70 78
87 0 180
8 24 129
40 88 79
77 95 78
100 80 78
80 26 128
83 93 78
10 64 129
51 29 127
7 94 128
1 29 127
95 34 127
77 84 78
23 34 12
65 37 128
82 0 180
84 33 127
43 10 180
41 20 179
7 9 180
55 51 79
94 6 180
18 38 47
78 14 180
12 20 179
90 96 78
91 83 78
46 0 180
35 87 79
97 60 78
3 59 127
53 50 79
25 62 47
7 52 128
84 98 78
86 3 180
83 94 78
42 95 78
70 45 79
49 60 78
72 7 180
52 76 78
46 8 180
58 1 180
68 9 180
70 17 180
25 97 47
19 33 13
1 43 131
44 2 180
77 8 180
42 33 127
14 48 130
61 43 114
4 19 179
39 14 180
30 85 47
6 32 128
98 19 179
51 63 78
59 17 180
71 82 78
76 58 78
35 66 79
38 50 79
95 38 129
99 29 127
64 9 180
56 26 128
8 92 128
